STRING	STRING	STRING	STRING
ID	Type	TypeID	Order
36001	interact	11048	1
36002	hunter	11001	1
36002	interact	11046	2
36004	useitem	11001	1
36004	interact	11047	2
36006	story	11001	1
36007	question	11001	1
36011	story	11002	1
36013	convoy	11001	1
36013	hunter	11002	2
36016	hunter	11003	1
36019	hunter	11004	1
36020	hunter	11005	1
36021	story	11004	1
36022	interact	11049	1
36023	interact	11050	1
36023	convoy	11002	2
36026	useitem	11002	1
36027	useitem	11003	1
36028	hunter	11006	1
36029	hunter	11007	0
36029	hunter	11008	0
36031	story	11005	1
36032	interact	11001	1
36034	convoy	11003	1
36035	useitem	11004	1
36035	useitem	11005	0
36035	useitem	11006	0
36037	story	11006	1
36040	interact	11051	1
36043	hunter	11010	1
36043	interact	11055	2
36047	hunter	11011	1
36047	collect	11001	1
36048	story	11007	1
36049	story	11008	1
36052	hunter	11012	1
36053	hunter	11013	1
36054	interact	11002	1
36054	interact	11003	1
36056	collect	11002	1
36057	story	11009	1
36060	useitem	11008	1
36063	hunter	11014	1
36065	story	11010	1
36067	hunter	11015	1
36071	interact	11004	0
36071	interact	11005	0
36072	interact	11056	
36075	hunter	11016	1
36076	convoy	11050	1
36077	hunter	11135	1
36078	hunter	11134	1
36081	hunter	11136	1
36082	hunter	11139	
36083	hunter	11018	1
36085	story	11011	1
36086	interact	11052	1
36086	interact	11053	2
36086	interact	11054	3
36086	hunter	11137	4
36089	hunter	11138	1
36097	story	11012	1
36099	hunter	11022	1
36101	collect	11003	1
36102	useitem	11010	1
36107	hunter	11023	1
36108	story	11013	1
36110	convoy	11007	1
36110	interact	11057	2
36110	interact	11058	3
36113	useitem	11011	1
36113	hunter	11024	2
36113	hunter	11025	3
36118	interact	11059	1
36118	interact	11060	2
36121	interact	11009	1
36121	interact	11010	2
36122	hunter	11026	1
36124	useitem	11013	1
36125	hunter	11027	1
36126	collect	11004	1
36127	collect	11005	1
36128	convoy	11008	1
36130	useitem	11014	1
36131	story	11014	1
36132	convoy	11009	1
36134	collect	11006	1
36135	story	11015	1
36137	story	11016	1
36139	hunter	11028	1
36141	hunter	11029	1
36142	hunter	11030	1
36145	story	11017	1
36145	interact	11061	2
36146	interact	11011	1
36148	question	11002	1
36148	interact	11063	2
36150	convoy	11051	1
36151	story	11018	1
36154	interact	11062	1
36156	collect	11007	1
36158	hunter	11032	1
36160	hunter	11033	1
36163	story	11019	1
36164	interact	11064	1
36164	hunter	11034	2
36167	hunter	11035	1
36171	useitem	11015	1
36172	story	11020	1
36174	question	11003	1
36178	hunter	11037	1
36179	useitem	11016	1
36180	hunter	11140	1
36183	hunter	11141	1
36185	hunter	11142	1
36186	convoy	11052	1
36187	story	11021	1
36189	hunter	11143	1
36192	interact	11065	2
36192	interact	11066	1
36194	hunter	11042	1
36195	convoy	11013	1
36197	hunter	11043	1
36198	interact	11013	1
36199	story	11022	1
36201	collect	11011	1
36203	hunter	11044	1
36206	story	11023	1
36207	convoy	11015	1
36208	interact	11014	1
36209	hunter	11045	1
36210	story	11024	1
36211	convoy	11016	1
36213	hunter	11046	1
36214	hunter	11047	1
36215	collect	11012	1
36216	useitem	11019	1
36217	hunter	11048	1
36219	hunter	11049	1
36220	convoy	11017	1
36221	collect	11013	1
36222	story	11025	1
36223	useitem	11020	1
36224	hunter	11050	1
36225	story	11026	1
36227	collect	11014	1
36228	useitem	11021	1
36229	story	11027	1
36231	useitem	11022	1
36233	hunter	11051	1
36234	story	11028	1
36236	collect	11015	1
36237	hunter	11052	1
36238	hunter	11053	1
36242	story	11029	1
36243	hunter	11054	1
36244	interact	11015	1
36245	collect	11016	1
36247	hunter	11055	1
36248	collect	11017	1
36250	story	11030	1
36252	convoy	11053	1
36253	interact	11016	1
36254	hunter	11057	1
36255	interact	11017	1
36257	hunter	11058	1
36258	convoy	11019	1
36259	hunter	11059	1
36260	story	11031	1
36261	collect	11018	1
36262	convoy	11020	1
36264	interact	11018	1
36265	hunter	11060	1
36266	collect	11019	1
36269	hunter	11061	1
36270	story	11032	1
36272	hunter	11062	1
36275	hunter	11063	1
36276	story	11033	1
36281	hunter	11065	1
36283	interact	11019	1
36284	hunter	11066	1
36286	convoy	11022	1
36287	useitem	11024	1
36288	collect	11021	1
36289	story	11034	1
36292	hunter	11067	1
36294	interact	11020	1
36295	hunter	11068	1
36296	collect	11022	1
36298	collect	11023	1
36302	hunter	11069	1
36304	hunter	11070	1
36305	convoy	11023	1
36306	hunter	11071	1
36308	collect	11024	1
36311	collect	11025	1
36313	hunter	11072	1
36315	collect	11026	2
36315	useitem	11025	1
36316	story	11035	1
36319	convoy	11055	1
36321	collect	11027	1
36322	useitem	11026	1
36325	hunter	11074	1
36327	useitem	11027	1
36328	convoy	11024	1
36329	interact	11021	1
36331	story	11036	1
36332	hunter	11075	1
36333	convoy	11025	1
36334	interact	11022	1
36337	story	11037	1
36340	hunter	11077	1
36341	story	11038	1
36344	hunter	11078	1
36346	hunter	11079	1
36349	collect	11028	1
36351	collect	11029	1
36352	collect	11030	1
36355	hunter	11080	1
36356	hunter	11081	1
36359	useitem	11028	1
36362	convoy	11027	1
36364	collect	11031	0
36364	useitem	11029	0
36367	hunter	11145	1
36369	useitem	11030	1
36372	hunter	11082	1
36373	hunter	11083	1
36376	story	11039	1
36378	useitem	11031	1
36381	hunter	11146	1
36387	hunter	11084	1
36388	hunter	11085	1
36392	useitem	11032	1
36395	hunter	11086	1
36399	story	11040	1
36400	hunter	11088	1
36402	hunter	11089	1
36405	interact	11035	0
36406	hunter	11090	1
36413	interact	11070	1
36414	collect	11034	1
36415	interact	11071	1
36417	hunter	11091	1
36417	hunter	11092	1
36418	hunter	11093	1
36418	interact	11072	2
36420	useitem	11033	1
36421	interact	11073	1
36421	interact	11074	2
36422	hunter	11094	1
36424	hunter	11095	1
36426	interact	11075	1
36426	interact	11076	2
36428	interact	11077	1
36429	collect	11035	1
36434	hunter	11097	1
36436	hunter	11099	1
36438	collect	11041	1
36441	hunter	11100	1
36443	hunter	11101	1
36446	hunter	11102	1
36449	interact	11080	1
36449	hunter	11144	2
36449	hunter	11103	3
36449	hunter	11104	4
36455	hunter	11106	0
36459	hunter	11108	1
36460	useitem	11034	1
36461	interact	11078	1
36461	interact	11079	2
36464	hunter	11110	1
36465	useitem	11035	1
36468	interact	11081	1
36470	collect	11045	1
36472	collect	11046	1
36473	story	11053	1
36475	hunter	11111	1
36478	hunter	11112	1
36479	interact	11082	1
36479	interact	11083	2
36482	story	11041	1
36483	question	11004	1
36486	hunter	11114	1
36489	hunter	11115	1
36491	collect	11047	0
36491	collect	11048	0
36492	convoy	11043	1
36494	collect	11049	1
36497	story	11042	1
36498	hunter	11116	0
36498	collect	11050	0
36499	collect	11051	1
36501	convoy	11044	1
36503	useitem	11038	1
36503	useitem	11039	2
36504	hunter	11117	1
36506	hunter	11118	1
36511	convoy	11045	1
36513	hunter	11120	1
36514	story	11043	1
36515	interact	11036	1
36517	story	11044	1
36519	hunter	11121	1
36522	hunter	11122	1
36524	story	11045	1
36525	convoy	11046	1
36527	story	11046	1
36530	useitem	11040	1
36530	interact	11038	2
36530	interact	11039	3
36533	collect	11052	1
36534	story	11047	1
36536	hunter	11123	1
36537	hunter	11124	1
36538	collect	11053	1
36539	hunter	11125	1
36539	hunter	11126	1
36539	collect	11054	1
36543	convoy	11047	1
36544	hunter	11127	1
36547	useitem	11041	1
36550	story	11048	1
36551	hunter	11128	1
36551	interact	11085	1
36552	useitem	11042	1
36553	hunter	11129	1
36553	collect	11056	1
36555	story	11049	1
36556	hunter	11130	1
36558	story	11050	1
36560	interact	11040	0
36560	interact	11041	0
36560	interact	11042	0
36560	interact	11043	0
36562	convoy	11056	1
36562	convoy	11057	2
36566	hunter	11131	1
36567	story	11051	1
36568	useitem	11043	1
36568	interact	11045	2
36569	hunter	11132	1
36571	hunter	11133	1
36572	story	11052	1
36573	convoy	11049	1
36574	collect	11057	1
36575	interact	11084	1
