STRING	STRING	STRING	STRING
ID	Type	TypeID	Order
24002	interact	4001	0
24003	story	4001	1
24005	interact	4087	1
24005	collect	4073	2
24005	interact	4088	3
24007	story	4002	1
24009	story	4003	1
24010	interact	4089	1
24010	interact	4090	2
24010	interact	4091	3
24013	interact	4084	2
24013	interact	4005	2
24013	interact	4006	2
24013	hunter	4001	1
24015	interact	4092	1
24015	interact	4093	2
24015	question	4001	3
24016	interact	4094	1
24016	hunter	4002	2
24018	interact	4103	2
24018	useitem	4067	3
24018	collect	4001	1
24019	convoy	4001	1
24019	hunter	4003	2
24019	interact	4095	3
24020	hunter	4003	1
24021	interact	4007	1
24021	interact	4008	1
24021	interact	4009	1
24021	hunter	4159	2
24022	story	4004	1
24024	interact	4096	1
24026	hunter	4004	3
24026	interact	4082	2
24026	interact	4083	4
24026	story	4005	1
24029	collect	4002	0
24029	collect	4003	0
24029	collect	4004	0
24031	useitem	4001	1
24031	interact	4097	2
24031	interact	4098	3
24031	useitem	4002	4
24034	interact	4012	1
24034	useitem	4068	2
24034	story	4006	3
24036	hunter	4005	1
24037	interact	4013	1
24039	story	4007	1
24040	hunter	4006	1
24041	interact	4099	1
24041	interact	4100	2
24041	interact	4101	3
24041	hunter	4007	4
24043	hunter	4007	1
24044	convoy	4002	1
24044	hunter	4008	2
24045	hunter	4008	1
24046	interact	4102	1
24046	useitem	4003	2
24047	useitem	4003	1
24049	interact	4104	1
24049	interact	4105	2
24049	hunter	4009	3
24049	story	4008	4
24053	useitem	4004	1
24053	interact	4106	2
24053	interact	4107	3
24053	story	4009	4
24055	story	4009	
24058	collect	4006	0
24058	collect	4007	0
24059	useitem	4005	1
24059	interact	4108	2
24059	interact	4014	3
24061	interact	4109	1
24061	story	4080	2
24063	interact	4122	1
24063	hunter	4010	2
24063	interact	4110	3
24065	hunter	4011	1
24065	interact	4111	2
24065	useitem	4006	3
24067	useitem	4062	1
24067	useitem	4063	2
24067	useitem	4061	3
24068	interact	4112	1
24068	interact	4113	2
24068	hunter	4012	3
24068	hunter	4013	3
24070	interact	4114	1
24070	convoy	4003	2
24072	hunter	4014	1
24072	interact	4115	2
24072	collect	4008	3
24074	interact	4116	1
24074	interact	4117	2
24075	hunter	4015	1
24076	hunter	4016	1
24077	interact	4118	1
24079	hunter	4017	1
24080	interact	4015	0
24080	interact	4016	0
24080	interact	4017	0
24080	interact	4018	0
24081	convoy	4004	1
24082	interact	4119	1
24082	story	4010	2
24085	interact	4120	1
24085	hunter	4018	2
24087	convoy	4005	1
24088	hunter	4019	1
24089	useitem	4007	1
24089	interact	4121	2
24089	collect	4010	3
24092	story	4011	1
24094	hunter	4020	1
24097	interact	4123	1
24097	interact	4254	2
24097	collect	4011	3
24098	convoy	4006	1
24099	interact	4124	1
24099	hunter	4021	2
24099	interact	4125	3
24100	story	4081	1
24102	hunter	4022	1
24103	interact	4126	1
24104	useitem	4008	1
24104	useitem	4009	1
24104	useitem	4010	1
24104	interact	4080	2
24105	hunter	4023	1
24105	hunter	4024	2
24105	collect	4012	3
24106	convoy	4007	1
24106	interact	4127	2
24107	collect	4013	4
24107	interact	4078	1
24107	interact	4079	2
24107	useitem	4011	3
24108	interact	4128	1
24109	useitem	4012	0
24109	useitem	4013	0
24109	useitem	4014	0
24110	interact	4129	1
24110	interact	4130	2
24111	interact	4131	1
24112	hunter	4025	1
24113	interact	4132	1
24113	interact	4133	2
24115	hunter	4026	1
24116	interact	4134	1
24116	hunter	4027	2
24116	interact	4135	3
24119	hunter	4028	1
24119	hunter	4029	2
24120	interact	4136	1
24121	hunter	4030	1
24122	hunter	4031	1
24122	interact	4137	2
24123	interact	4139	1
24123	interact	4140	2
24125	convoy	4008	1
24126	interact	4141	1
24126	interact	4201	2
24126	interact	4202	3
24126	interact	4195	4
24129	collect	4016	1
24130	useitem	4015	1
24130	useitem	4016	2
24132	hunter	4032	1
24132	hunter	4033	1
24132	interact	4143	2
24132	story	4083	3
24134	collect	4017	1
24135	interact	4144	1
24135	convoy	4009	2
24136	hunter	4034	1
24136	story	4084	2
24136	hunter	4035	3
24139	story	4085	1
24141	interact	4019	1
24141	story	4086	2
24141	hunter	4036	3
24144	interact	4145	1
24145	story	4087	1
24147	hunter	4038	1
24147	collect	4018	2
24148	convoy	4010	1
24149	story	4012	1
24149	hunter	4039	2
24149	interact	4146	3
24152	story	4013	1
24154	hunter	4040	1
24154	story	4014	2
24157	interact	4147	1
24157	useitem	4066	2
24159	hunter	4041	1
24159	story	4088	2
24159	convoy	4011	3
24162	hunter	4042	1
24162	interact	4148	2
24162	interact	4149	3
24162	hunter	4160	4
24163	useitem	4064	1
24165	interact	4151	1
24165	story	4015	2
24165	convoy	4012	3
24168	story	4089	1
24170	convoy	4013	1
24170	interact	4152	2
24170	hunter	4043	3
24172	story	4016	1
24172	convoy	4014	2
24175	collect	4019	1
24176	interact	4153	1
24176	story	4090	2
24176	hunter	4044	3
24178	hunter	4045	1
24178	interact	4154	2
24178	useitem	4065	3
24181	interact	4155	1
24181	collect	4022	2
24183	interact	4156	1
24183	hunter	4046	2
24185	story	4091	1
24188	interact	4157	1
24188	collect	4023	2
24190	interact	4158	1
24190	hunter	4048	2
24191	story	4092	1
24193	story	4017	1
24196	story	4018	1
24196	convoy	4015	2
24198	interact	4159	1
24198	interact	4160	2
24199	interact	4161	1
24200	hunter	4049	1
24200	story	4093	2
24201	interact	4162	1
24205	interact	4163	1
24205	convoy	4016	2
24207	interact	4164	1
24209	interact	4165	1
24209	hunter	4052	2
24210	hunter	4053	1
24210	interact	4166	2
24213	interact	4167	1
24213	interact	4168	2
24214	hunter	4055	1
24214	hunter	4056	1
24214	hunter	4057	1
24215	story	4094	1
24217	story	4020	1
24217	convoy	4017	2
24220	interact	4169	1
24220	hunter	4058	2
24220	interact	4170	3
24221	interact	4171	1
24221	interact	4172	2
24224	interact	4173	1
24226	hunter	4063	1
24227	interact	4174	1
24227	interact	4175	2
24231	interact	4176	1
24231	hunter	4064	2
24232	interact	4177	1
24232	useitem	4018	2
24234	interact	4022	1
24236	interact	4023	1
24236	interact	4178	2
24238	hunter	4065	1
24238	interact	4179	2
24238	convoy	4018	3
24240	story	4095	1
24242	interact	4180	1
24244	useitem	4019	1
24245	interact	4181	1
24245	hunter	4066	2
24247	interact	4182	1
24247	hunter	4161	2
24247	interact	4203	3
24247	useitem	4069	4
24249	story	4024	1
24249	story	4096	2
24249	hunter	4067	3
24251	interact	4183	1
24251	story	4097	2
24253	story	4098	1
24256	hunter	4068	1
24256	interact	4184	2
24256	interact	4185	3
24256	collect	4027	4
24259	convoy	4019	1
24260	interact	4186	1
24260	useitem	4020	2
24260	story	4099	3
24262	collect	4028	1
24263	useitem	4021	1
24263	story	4025	2
24266	interact	4187	1
24266	hunter	4069	2
24266	interact	4188	3
24268	interact	4189	1
24268	collect	4030	2
24270	story	4027	1
24272	interact	4190	1
24272	hunter	4070	2
24272	interact	4191	3
24275	interact	4192	1
24277	interact	4193	1
24279	hunter	4071	1
24280	interact	4194	1
24281	hunter	4072	1
24283	story	4028	1
24287	convoy	4020	1
24287	story	4100	2
24289	story	4101	1
24289	hunter	4074	2
24291	useitem	4022	1
24292	collect	4031	1
24294	story	4029	
24296	story	4030	1
24296	interact	4197	2
24296	hunter	4162	3
24298	interact	4026	1
24299	interact	4198	1
24299	hunter	4076	2
24301	hunter	4077	1
24301	hunter	4078	1
24302	story	4031	1
24304	hunter	4079	1
24305	interact	4199	1
24305	collect	4032	2
24308	interact	4200	1
24309	story	4102	1
24309	hunter	4080	2
24309	collect	4033	3
24311	interact	4204	1
24311	story	4103	2
24314	question	4006	1
24315	convoy	4023	1
24316	story	4033	1
24317	interact	4205	1
24317	hunter	4163	2
24317	collect	4034	3
24318	hunter	4081	1
24318	interact	4206	2
24318	hunter	4166	3
24320	collect	4035	1
24321	hunter	4082	1
24325	convoy	4024	1
24326	hunter	4083	1
24328	hunter	4084	1
24330	useitem	4024	1
24332	interact	4208	1
24332	hunter	4164	2
24334	story	4112	1
24334	hunter	4087	2
24335	convoy	4025	3
24338	story	4104	1
24338	hunter	4088	2
24340	interact	4209	1
24341	story	4034	
24342	interact	4031	1
24342	interact	4032	2
24342	interact	4033	3
24344	interact	4210	1
24344	hunter	4089	2
24346	interact	4211	1
24350	story	4105	1
24350	hunter	4090	2
24352	story	4035	
24354	story	4106	1
24354	hunter	4091	2
24356	interact	4212	1
24358	hunter	4092	1
24359	story	4107	1
24362	story	4108	1
24362	hunter	4093	2
24366	hunter	4094	1
24367	story	4109	1
24369	collect	4037	1
24371	hunter	4095	1
24374	hunter	4096	1
24375	interact	4213	1
24375	hunter	4097	2
24377	convoy	4026	1
24378	hunter	4098	1
24378	hunter	4165	2
24379	story	4110	1
24380	useitem	4025	1
24381	story	4111	1
24381	collect	4038	2
24383	useitem	4026	1
24385	interact	4035	1
24386	hunter	4099	1
24386	story	4036	2
24387	hunter	4100	1
24388	interact	4034	1
24388	hunter	4101	2
24388	convoy	4027	3
24389	story	4037	1
24390	collect	4039	1
24397	story	4038	1
24399	story	4039	1
24400	story	4113	1
24400	hunter	4102	2
24401	story	4114	1
24402	convoy	4028	1
24402	interact	4037	2
24402	hunter	4103	3
24403	interact	4214	1
24409	hunter	4104	1
24409	interact	4215	2
24410	interact	4216	1
24410	interact	4217	2
24411	hunter	4105	1
24412	interact	4218	1
24412	interact	4219	2
24412	useitem	4071	3
24413	story	4115	1
24414	interact	4220	1
24414	story	4116	2
24415	interact	4221	1
24416	hunter	4106	1
24418	interact	4222	1
24422	hunter	4107	1
24422	hunter	4108	2
24423	useitem	4028	1
24425	story	4117	1
24426	story	4118	1
24426	hunter	4109	2
24427	hunter	4110	1
24428	interact	4223	1
24434	collect	4041	1
24436	convoy	4031	1
24437	hunter	4111	1
24437	story	4041	2
24438	hunter	4116	1
24439	interact	4224	1
24439	hunter	4117	2
24441	interact	4040	1
24442	story	4119	1
24442	interact	4225	2
24442	hunter	4181	3
24442	interact	4246	4
24446	story	4042	1
24447	interact	4043	1
24447	hunter	4118	2
24449	hunter	4112	1
24449	collect	4043	1
24449	useitem	4072	2
24450	story	4120	1
24450	convoy	4033	2
24454	story	4121	1
24454	interact	4226	2
24454	useitem	4073	3
24454	collect	4074	4
24455	story	4122	1
24457	story	4123	1
24457	hunter	4114	2
24458	hunter	4115	1
24462	story	4124	1
24463	interact	4227	1
24463	hunter	4167	2
24464	story	4125	1
24465	collect	4045	1
24468	story	4126	1
24468	hunter	4122	2
24468	hunter	4123	3
24469	interact	4228	1
24470	useitem	4074	1
24472	story	4127	1
24474	story	4128	1
24476	hunter	4168	1
24481	interact	4229	1
24481	hunter	4169	2
24482	story	4047	1
24483	story		1
24484	story	4048	1
24484	hunter	4124	2
24487	interact	4301	1
24487	interact	4302	1
24487	interact	4303	1
24487	interact	4304	1
24487	interact	4305	2
24487	interact	4306	2
24487	interact	4307	2
24487	interact	4308	2
24489	interact	4230	1
24489	hunter	4170	2
24489	hunter	4171	3
24491	interact	4231	1
24491	convoy	4029	2
24493	interact	4232	1
24494	story	4130	1
24495	story	4131	1
24496	useitem	4076	1
24496	interact	4233	2
24497	interact	4309	1
24498	hunter	4172	1
24499	story	4132	1
24501	story	4133	1
24502	interact	4234	1
24502	hunter	4128	2
24502	collect	4075	3
24505	story	4134	1
24507	interact	4235	1
24507	hunter	4173	2
24509	collect	4076	1
24511	story	4135	1
24517	interact	4236	1
24518	hunter	4174	1
24520	story	4136	1
24521	interact	4239	1
24522	hunter	4175	1
24523	interact	4237	1
24525	interact	4238	1
24525	story	4138	2
24529	hunter	4133	1
24531	hunter	4134	1
24533	story	4055	1
24535	story	4056	1
24537	useitem	4037	1
24539	useitem	4038	1
24539	interact	4240	2
24542	hunter	4176	1
24542	story	4057	2
24543	interact	4241	1
24543	hunter	4135	2
24547	story	4140	1
24548	hunter	4177	1
24548	story	4058	2
24549	collect	4079	1
24550	interact	4243	1
24550	hunter	4178	2
24550	interact	4244	3
24555	interact	4245	1
24555	useitem	4039	2
24556	hunter	4179	1
24557	useitem	4078	1
24558	hunter	4180	1
24559	story	4141	1
24560	hunter	4139	1
24560	hunter	4182	2
24561	story	4142	1
24565	convoy	4030	1
24565	interact	4247	2
24567	story	4143	1
24567	interact	4248	2
24568	interact	4249	1
24568	interact	4250	2
24569	hunter	4183	1
24572	story	4063	1
24577	hunter	4144	1
24579	interact	4251	1
24579	hunter	4145	2
24579	story	4065	3
24582	story	4066	1
24585	interact	4252	1
24585	hunter	4184	2
24587	interact	4253	1
24589	collect	4059	1
24590	interact	4255	1
24590	interact	4256	2
24594	story	4067	1
24596	useitem	4079	1
24597	hunter	4147	1
24599	hunter	4148	1
24600	story	4144	1
24601	interact	4257	1
24602	hunter	4185	1
24603	story	4069	1
24604	collect	4060	1
24605	collect	4061	1
24608	hunter	4153	1
24610	interact	4258	1
24610	hunter	4153	2
24613	hunter	4186	1
24614	story	4145	1
24615	hunter	4155	1
24616	interact	4259	1
24618	story	4146	1
24619	hunter	4187	1
24621	interact	4260	1
24621	interact	4261	2
24626	hunter	4188	1
24626	interact	4262	2
24626	convoy	4039	3
24626	interact	4263	4
24629	hunter	4189	1
24631	interact	4264	1
24631	hunter	4190	2
24634	interact	4265	1
24634	hunter	4191	2
24635	collect	4009	1
24641	collect	4067	1
24642	useitem	4051	1
24646	hunter	4192	1
24647	interact	4066	1
24647	interact	4266	2
24649	interact	4267	1
24649	interact	4268	2
24652	collect	4068	1
24653	useitem	4052	1
24654	convoy	4042	1
24654	interact	4269	2
24655	interact	4274	1
24658	useitem	4053	1
24660	interact	4270	1
24662	interact	4271	1
24662	hunter	4193	2
24664	interact	4272	1
24664	hunter	4194	2
24666	hunter	4195	1
24666	interact	4273	2
24667	story	4147	1
24671	interact	4068	1
24671	interact	4069	2
24671	interact	4070	3
24674	interact	4275	1
24674	collect	4070	2
24677	hunter	4196	1
24677	interact	4276	2
24685	story	4074	1
24687	hunter	4197	1
24688	convoy	4041	1
24690	interact	4277	1
24690	interact	4278	2
24695	interact	4279	1
24698	hunter	4198	1
24699	hunter	4199	1
24703	story	4076	1
24705	interact	4280	1
24708	story	4077	1
24710	story	4078	1
24713	interact	4281	1
24713	useitem	4058	2
24713	useitem	4059	3
24715	interact	4282	1
24715	hunter	4200	2
24716	story	4079	1
24718	useitem	4060	1
24719	interact	4283	1
24719	hunter	4201	2
24721	story	4148	1
24722	interact	4284	1
24722	hunter	4202	2
24724	hunter	4203	1
24724	hunter	4204	2
24726	hunter	4205	1
24727	interact	4285	1
24727	convoy	4043	2
24727	interact	4298	3
24729	hunter	4206	1
24729	story	4149	2
24729	interact	4286	3
24734	story	4150	1
24735	interact	4287	1
24735	interact	4288	2
24736	hunter	4207	1
24736	story	4151	2
24737	interact	4289	1
24738	useitem	4080	1
24739	story	4153	1
24739	interact	4290	2
24739	interact	4291	3
24740	hunter	4208	1
24740	interact	4292	2
24741	useitem	4081	1
24745	interact	4300	1
24745	interact	4293	2
24746	interact	4294	1
24747	hunter	4209	1
24747	interact	4295	2
24749	hunter	4210	1
24750	collect	4077	1
24750	story	4155	2
24757	collect	4078	1
24759	useitem	4082	1
24760	hunter	4211	1
24761	interact	4296	1
24762	hunter	4212	1
24763	interact	4299	1
24763	interact	4297	2
