STRING	STRING	STRING	STRING
ID	Type	TypeID	Order
40001	interact	10001	1
40001	interact	10002	2
40001	interact	10003	3
40001	interact	10004	4
40002	collect	10001	
40002	collect	10002	
40003	story	10001	1
40003	useitem	10001	2
40003	question	10001	3
40004	interact	10005	1
40004	convoy	10001	2
40005	interact	10006	1
40005	convoy	10002	2
40005	story	10002	3
40006	convoy	10003	1
40006	story	10003	2
40013	story	10004	1
40013	hunter	10001	2
40014	question	10002	1
40014	story	10005	2
40015	story	10006	1
40015	hunter	10002	2
40016	interact	10007	1
40016	useitem	10002	2
40016	useitem	10003	3
40017	interact	10008	1
40017	interact	10009	2
40018	convoy	10004	1
40018	story	10007	2
40025	collect	10003	
40026	interact	10010	1
40026	useitem	10004	2
40026	interact	10011	3
40026	story	10008	4
40027	interact	10012	1
40027	interact	10013	2
40027	interact	10014	3
40028	story	10009	1
40028	useitem	10005	2
40028	story	10010	3
40028	hunter	10003	4
40029	interact	10015	1
40029	useitem	10006	2
40029	interact	10016	3
40037	story	10011	
40038	story	10012	1
40038	interact	10017	2
40038	interact	10018	2
40038	interact	10019	2
40039	interact	10020	1
40039	story	10013	2
40039	interact	10021	3
40039	useitem	10007	4
40040	story	10014	
40041	interact	10022	1
40041	useitem	10008	2
40042	convoy	10005	1
40042	convoy	10006	2
40050	collect	10008	1
40052	collect	10009	1
40052	collect	10010	2
40052	interact	10067	3
40053	interact	10068	1
40055	hunter	10018	1
40061	interact	10069	1
40061	interact	10070	2
40061	interact	10071	3
40061	interact	10072	4
40063	collect	10011	1
40063	hunter	10019	2
40065	interact	10073	1
40074	hunter	10020	1
40075	hunter	10021	1
40075	collect	10013	2
40077	hunter	10022	1
40078	interact	10074	1
40078	interact	10075	2
40078	interact	10076	3
40085	hunter	10023	1
40087	interact	10077	1
40087	interact	10078	2
40089	hunter	10024	1
40090	interact	10079	1
40097	interact	10023	1
40097	interact	10024	2
40097	interact	10025	3
40098	interact	10026	1
40098	hunter	10004	2
40098	interact	10027	3
40098	collect	10004	4
40099	hunter	10005	1
40099	story	10015	2
40100	interact	10028	1
40100	convoy	10007	2
40100	convoy	10008	3
40109	story	10016	1
40109	interact	10029	2
40109	hunter	10017	3
40109	interact	10043	4
40111	story	10017	1
40111	interact	10030	2
40111	hunter	10006	3
40112	story	10018	1
40112	convoy	10009	2
40112	interact	10031	3
40113	interact	10032	1
40113	interact	10033	2
40121	interact	10034	1
40121	useitem	10009	2
40121	interact	10035	3
40121	convoy	10010	4
40122	interact	10036	1
40122	hunter	10007	2
40122	interact	10037	3
40122	hunter	10008	4
40123	story	10019	
40124	hunter	10009	1
40124	interact	10044	2
40124	convoy	10011	3
40125	convoy	10012	
40133	hunter	10010	1
40133	interact	10038	2
40133	story	10020	3
40134	interact	10039	1
40134	convoy	10013	2
40135	interact	10040	1
40135	hunter	10011	2
40135	interact	10041	3
40135	convoy	10014	4
40136	interact	10042	1
40136	collect	10006	2
40145	hunter	10025	1
40145	interact	10080	1
40146	interact	10081	1
40146	collect	10014	2
40148	interact	10082	1
40149	interact	10083	1
40149	interact	10084	2
40158	hunter	10026	1
40159	interact	10085	1
40160	collect	10012	1
40162	interact	10086	1
40162	interact	10090	2
40164	hunter	10027	1
40173	hunter	10028	1
40182	interact	10087	1
40182	interact	10088	2
40182	interact	10089	3
40184	hunter	10029	1
40185	hunter	10030	1
40242	hunter	10185	2
40242	interact	10220	1
40243	collect	10190	1
40244	convoy	10190	2
40244	story	10190	1
40245	story	10191	1
40246	hunter	10186	2
40246	interact	10221	1
40253	interact	10222	1
40253	convoy	10191	2
40255	hunter	10187	2
40255	interact	10223	1
40256	convoy	10192	1
40257	collect	10191	2
40257	story	10192	1
40258	hunter	10188	1
40258	interact	10234	2
40258	interact	10224	3
40265	collect	10192	1
40265	interact	10225	2
40265	collect	10195	3
40266	hunter	10189	2
40266	interact	10226	3
40266	story	10193	1
40267	hunter	10190	1
40269	interact	10227	1
40269	interact	10228	2
40277	interact	10229	1
40277	interact	10230	2
40278	hunter	10191	2
40278	interact	10231	1
40279	hunter	10192	1
40279	collect	10193	2
40280	interact	10233	1
40281	collect	10194	1
40281	story	10194	2
40289	story	10200	1
40290	convoy	10200	1
40291	hunter	10200	1
40294	hunter	10201	1
40296	convoy	10201	1
40297	collect	10200	1
40299	story	10201	1
40300	hunter	10202	1
40300	hunter	10203	2
40300	interact	10200	3
40300	convoy	10202	4
40301	useitem	10200	1
40303	interact	10201	1
40303	hunter	10204	2
40304	hunter	10205	1
40306	interact	10202	1
40307	hunter	10206	1
40307	interact	10203	2
40308	hunter	10208	1
40309	story	10202	1
40310	hunter	10209	1
40311	story	10203	1
40313	interact	10204	1
40313	useitem	10201	2
40315	interact	10205	1
40315	collect	10201	2
40316	interact	10206	2
40316	collect	10202	1
40316	collect	10203	1
40317	story	10204	1
40318	convoy	10204	1
40319	hunter	10210	1
40320	interact	10207	1
40320	interact	10208	2
40337	story	10205	1
40338	interact	10209	1
40338	interact	10210	2
40339	collect	10204	1
40340	hunter	10211	1
40341	hunter	10212	1
40341	hunter	10213	2
40343	collect	10205	1
40345	interact	10211	1
40345	interact	10212	2
40345	hunter	10214	3
40346	interact	10213	1
40346	hunter	10215	2
40347	story	10207	1
40347	hunter	10216	2
40348	interact	10214	1
40348	hunter	10217	2
40349	useitem	10202	1
40349	hunter	10218	2
40349	convoy	10206	3
40350	hunter	10219	1
40352	hunter	10220	1
40353	hunter	10221	1
40354	useitem	10203	1
40354	interact	10215	2
40356	hunter	10222	1
40356	interact	10216	2
40358	story	10208	1
40359	hunter	10223	1
40360	convoy	10207	1
40386	hunter	10250	2
40386	interact	10250	1
40386	interact	10251	3
40387	interact	10252	1
40387	interact	10253	2
40388	story	10250	1
40389	story	10251	1
40390	convoy	10250	1
40398	hunter	10251	1
40398	collect	10250	1
40399	hunter	10252	1
40400	question	10004	1
40401	convoy	10251	2
40401	story	10252	1
40402	interact	10254	1
40402	convoy	10252	3
40402	useitem	10250	2
40403	interact	10255	1
40409	interact	10256	1
40409	interact	10257	2
40410	hunter	10253	1
40411	interact	10258	2
40411	story	10253	1
40412	interact	10259	1
40412	convoy	10253	3
40412	useitem	10251	2
40413	interact	10260	1
40413	interact	10261	2
40414	convoy	10254	1
40421	collect	10251	1
40422	hunter	10255	1
40423	story	10254	1
40424	convoy	10255	1
40425	hunter	10256	4
40425	useitem	10252	2
40425	useitem	10253	3
40425	story	10255	1
40426	collect	10252	1
40427	interact	10262	1
40427	interact	10263	2
40427	interact	10264	3
40433	interact	10300	1
40434	hunter	10300	1
40435	collect	10300	1
40436	story	10300	1
40438	hunter	10301	1
40439	collect	10301	1
40440	hunter	10302	1
40441	interact	10301	1
40445	story	10301	1
40447	interact	10302	1
40448	interact	10303	1
40448	hunter	10303	2
40449	collect	10303	1
40450	story	10302	1
40451	collect	10304	2
40451	useitem	10300	1
40452	interact	10304	1
40454	hunter	10304	1
40454	story	10303	2
40458	story	10304	1
40459	useitem	10301	1
40460	interact	10305	1
40461	hunter	10305	1
40461	collect	10305	2
40461	interact	10306	3
40461	interact	10307	4
40462	interact	10308	1
40463	interact	10309	1
40463	hunter	10306	2
40463	hunter	10307	3
40466	story	10305	1
40469	interact	10310	1
40470	hunter	10308	1
40471	interact	10311	1
40471	interact	10312	2
40471	useitem	10302	3
40472	interact	10313	1
40473	interact	10314	1
40473	story	10306	2
40474	interact	10315	1
40474	hunter	10309	2
40475	story	10307	1
40476	interact	10316	1
